examples/working_directory_ferrara/IGS0OPSFIN_20231780000_01D_02H_GIM.INX
     1.0            IONOSPHERE MAPS     MIX                 IONEX VERSION / TYPE
cmpcmb v1.2          GRL/UWM            13-jul-23 17:21     PGM / RUN BY / DATE 
ionex file containing IGS COMBINED Ionosphere maps          COMMENT             
global ionosphere maps for day 178, 2023                    DESCRIPTION         
IONEX file containing the COMBINED IGS TEC MAPS and DCBs    DESCRIPTION         
      IONEX files of the following IAACs were combined: cod DESCRIPTION         
                                                        jpl DESCRIPTION         
                                                        upc DESCRIPTION         
Contact address: Andrzej Krankowski                         DESCRIPTION
                 Geodynamics Research Laboratory            DESCRIPTION
                 University of Warmia and Mazury (GRL/UWM)  DESCRIPTION
                 Oczapowski St. 1                           DESCRIPTION
                 10-957-Olsztyn, POLAND                     DESCRIPTION
                 e-mail:  kand@uwm.edu.pl                   DESCRIPTION
                                                            DESCRIPTION         
  2023     6    27     0     0     0                        EPOCH OF FIRST MAP  
  2023     6    28     0     0     0                        EPOCH OF LAST MAP   
  7200                                                      INTERVAL            
    13                                                      # OF MAPS IN FILE   
  COSZ                                                      MAPPING FUNCTION    
     0.0                                                    ELEVATION CUTOFF    
combined TEC calculated as weighted mean of input TEC valuesOBSERVABLES USED    
   316                                                      # OF STATIONS       
    32                                                      # OF SATELLITES     
  6371.0                                                    BASE RADIUS         
     2                                                      MAP DIMENSION       
   450.0 450.0   0.0                                        HGT1 / HGT2 / DHGT  
    87.5 -87.5  -2.5                                        LAT1 / LAT2 / DLAT  
  -180.0 180.0   5.0                                        LON1 / LON2 / DLON  
    -1                                                      EXPONENT            
TEC values in 0.1 tec units;  9999, if no value available   COMMENT             
DCB values in nanoseconds, reference is Sum_of_SatDCBs = 0  COMMENT             
                                                            END OF HEADER       
[from data line 3003]
     8                                                      START OF TEC MAP    
  2023     6    27    14     0     0                        EPOCH OF CURRENT MAP
    87.5-180.0 180.0   5.0 450.0                            LAT/LON1/LON2/DLON/H
  209  210  210  210  210  210  210  210  210  210  210  211  211  211  211  211
  212  213  213  212  212  213  212  212  212  212  211  211  210  210  210  209
  209  209  209  209  209  208  208  208  208  208  208  208  208  208  208  208
  208  209  208  208  209  209  209  209  210  210  210  210  210  210  211  210
  211  210  210  211  210  210  210  209  209
    85.0-180.0 180.0   5.0 450.0                            LAT/LON1/LON2/DLON/H
  205  206  206  206  207  207  207  208  208  208  208  209  209  209  210  211
  211  211  211  211  211  212  212  212  211  210  210  210  210  209  209  208
  208  207  206  206  205  205  205  205  205  205  205  205  204  205  205  205
  206  207  207  208  208  209  210  211  211  211  211  211  210  210  210  210
  209  208  208  207  206  206  206  205  205
    82.5-180.0 180.0   5.0 450.0                            LAT/LON1/LON2/DLON/H
  200  200  200  199  199  199  199  199  199  200  201  202  203  204  206  208
  208  209  210  210  210  211  211  212  212  213  213  211  211  210  208  207
  205  204  203  202  202  200  200  200  200  200  200  201  201  202  202  203
  204  204  206  207  208  209  211  212  213  213  213  213  212  211  209  208
  207  205  205  203  202  201  200  200  200
    80.0-180.0 180.0   5.0 450.0                            LAT/LON1/LON2/DLON/H
  193  192  192  192  192  192  192  192  192  193  194  196  196  198  200  202
  204  207  209  211  214  214  212  212  212  214  214  212  211  211  210  209
  207  206  203  202  200  199  198  198  197  197  198  199  200  201  203  204
  206  207  208  209  211  213  214  216  217  217  217  215  213  212  210  208
  205  203  201  199  197  195  195  193  193
    77.5-180.0 180.0   5.0 450.0                            LAT/LON1/LON2/DLON/H
  185  184  184  183  183  183  183  184  184  184  185  187  188  189  190  192
  194  198  199  201  203  208  207  213  214  216  217  217  216  215  212  209
  207  207  205  204  201  199  197  196  197  198  199  200  203  204  206  208
  210  212  214  215  217  218  219  221  222  222  221  219  217  214  211  208
  204  200  198  195  192  190  188  187  185
    75.0-180.0 180.0   5.0 450.0                            LAT/LON1/LON2/DLON/H
  179  178  177  177  177  178  177  177  177  178  179  179  179  180  181  182
  184  187  191  196  201  203  207  214  217  219  219  221  222  221  218  215
  211  209  207  206  204  202  201  200  200  200  202  204  206  209  212  214
  216  219  221  222  223  225  226  227  226  226  225  222  219  216  212  207
  203  199  196  191  187  185  183  182  179
    72.5-180.0 180.0   5.0 450.0                            LAT/LON1/LON2/DLON/H
  177  176  175  175  175  175  175  175  176  176  176  176  175  173  174  175
  177  180  185  190  194  201  207  215  222  226  230  226  227  227  224  221
  219  216  214  211  210  208  207  206  206  206  207  208  210  214  217  220
  222  224  227  228  228  229  229  229  228  227  226  224  220  216  210  206
  201  197  194  188  185  183  181  179  177
    70.0-180.0 180.0   5.0 450.0                            LAT/LON1/LON2/DLON/H
  180  178  177  177  177  177  178  180  180  179  178  177  175  174  173  173
  174  177  180  186  191  201  208  219  227  231  236  236  235  233  233  232
  228  226  223  221  218  216  214  214  213  214  214  215  217  220  223  226
  228  230  231  231  231  230  229  228  227  226  225  222  218  213  208  203
  198  193  192  187  185  184  183  182  180
    67.5-180.0 180.0   5.0 450.0                            LAT/LON1/LON2/DLON/H
  184  183  182  182  183  184  185  186  186  185  184  183  180  178  177  176
  176  176  179  185  192  202  211  221  228  233  237  240  240  239  239  239
  237  235  232  230  227  225  222  221  220  220  220  222  223  225  228  230
  231  232  233  232  230  229  227  225  224  222  220  217  213  208  202  197
  193  190  190  187  186  185  184  185  184
    65.0-180.0 180.0   5.0 450.0                            LAT/LON1/LON2/DLON/H
  186  186  186  187  188  191  193  194  194  194  193  191  188  186  184  182
  182  181  184  188  195  204  212  221  228  233  236  239  241  242  243  244
  243  242  241  237  234  231  229  226  225  225  225  226  228  229  231  232
  232  232  231  228  226  225  223  221  218  217  214  210  206  201  195  191
  189  186  187  185  185  184  184  185  186
    62.5-180.0 180.0   5.0 450.0                            LAT/LON1/LON2/DLON/H
  183  184  186  188  192  197  200  202  203  202  202  199  197  196  194  191
  189  188  189  193  198  205  212  219  225  230  235  237  240  242  246  248
  248  248  246  243  239  236  233  231  229  229  229  230  231  232  232  232
  231  227  225  223  222  221  219  218  214  212  208  205  200  195  190  186
  183  183  186  185  184  183  181  181  183
    60.0-180.0 180.0   5.0 450.0                            LAT/LON1/LON2/DLON/H
  175  176  179  182  190  196  201  207  209  210  210  208  206  205  203  200
  198  195  195  197  200  205  210  217  222  228  232  236  239  244  249  252
  253  252  251  248  244  240  236  235  233  233  233  234  235  234  233  231
  227  223  220  218  219  219  218  217  214  211  208  203  200  194  187  182
  179  179  183  182  183  180  178  177  175
    57.5-180.0 180.0   5.0 450.0                            LAT/LON1/LON2/DLON/H
  169  168  168  172  180  188  196  203  207  210  212  212  212  211  210  207
  203  201  200  199  201  205  210  215  220  225  230  236  242  248  254  258
  260  259  257  254  249  245  242  240  238  238  239  239  239  237  235  231
  226  222  219  218  218  220  221  221  220  218  214  211  206  199  190  184
  180  177  180  181  182  179  176  172  169
    55.0-180.0 180.0   5.0 450.0                            LAT/LON1/LON2/DLON/H
  164  160  159  162  167  176  185  192  197  204  209  211  214  215  214  211
  208  205  203  202  203  206  209  214  219  224  231  238  246  254  261  266
  269  269  267  263  257  253  250  247  247  246  246  246  245  243  239  235
  229  224  221  221  223  226  229  230  231  229  227  224  218  209  200  191
  184  180  181  181  181  178  174  168  164
    52.5-180.0 180.0   5.0 450.0                            LAT/LON1/LON2/DLON/H
  161  155  152  151  154  162  173  181  188  196  202  206  211  214  214  212
  210  207  205  204  204  206  210  215  221  227  235  243  252  262  271  276
  280  282  280  276  270  264  262  259  257  256  257  256  254  251  246  241
  235  231  228  228  232  237  241  243  244  243  243  241  234  225  215  203
  194  188  186  183  181  177  172  167  161
    50.0-180.0 180.0   5.0 450.0                            LAT/LON1/LON2/DLON/H
  161  154  148  146  147  154  164  171  180  189  197  203  207  210  211  210
  210  207  206  207  207  210  214  219  225  234  242  251  260  272  282  290
  295  297  296  292  286  281  277  275  271  270  269  266  264  260  255  251
  245  241  237  239  244  249  255  258  258  258  258  257  251  242  232  219
  208  199  194  188  185  180  174  168  161
    47.5-180.0 180.0   5.0 450.0                            LAT/LON1/LON2/DLON/H
  165  158  150  145  145  150  158  166  176  187  195  201  205  207  208  208
  208  208  209  211  212  215  219  225  233  242  251  260  270  282  295  304
  311  316  317  311  306  302  298  296  290  287  283  278  274  271  266  262
  257  253  249  251  257  264  271  273  272  271  271  272  267  259  248  236
  224  212  204  197  191  186  180  173  165
    45.0-180.0 180.0   5.0 450.0                            LAT/LON1/LON2/DLON/H
  173  165  157  149  147  149  156  164  175  188  196  203  207  208  208  208
  209  211  213  216  219  222  228  234  243  252  262  271  281  294  307  319
  329  336  339  335  332  330  326  319  313  306  298  293  288  284  280  277
  271  268  265  267  273  278  284  284  281  280  280  281  280  275  265  254
  239  226  216  207  201  195  189  182  173
    42.5-180.0 180.0   5.0 450.0                            LAT/LON1/LON2/DLON/H
  185  176  167  158  152  153  157  166  178  192  201  208  213  213  212  212
  213  216  220  224  228  232  238  246  255  264  275  284  294  307  321  336
  347  358  365  363  364  362  360  351  340  328  317  308  303  299  295  294
  288  286  282  285  290  297  298  294  289  285  284  285  286  285  279  269
  255  241  230  220  213  206  200  193  185
    40.0-180.0 180.0   5.0 450.0                            LAT/LON1/LON2/DLON/H
  198  188  178  169  162  158  159  169  183  198  207  215  222  221  219  219
  220  225  230  236  239  244  250  258  269  279  288  299  310  321  339  355
  369  381  389  396  401  403  395  388  374  358  340  329  322  317  314  311
  306  303  300  303  307  311  310  303  294  287  283  284  288  290  288  281
  271  258  247  234  227  220  215  207  198
    37.5-180.0 180.0   5.0 450.0                            LAT/LON1/LON2/DLON/H
  212  201  190  180  172  165  164  173  187  205  216  226  232  232  229  229
  231  236  242  249  252  257  264  273  284  295  304  317  329  342  360  377
  392  406  418  430  439  442  437  429  412  392  374  355  348  340  336  330
  324  321  320  321  322  323  320  312  300  289  283  283  289  294  295  292
  286  275  266  251  243  236  231  222  212
    35.0-180.0 180.0   5.0 450.0                            LAT/LON1/LON2/DLON/H
  226  214  202  191  181  172  171  180  194  210  226  237  244  244  243  242
  244  251  257  263  266  271  279  288  300  312  322  336  349  364  384  400
  419  433  449  464  477  484  482  473  455  434  413  395  383  371  364  354
  346  342  338  338  337  336  330  321  308  295  286  285  289  297  300  301
  299  292  285  271  263  253  247  238  226
    32.5-180.0 180.0   5.0 450.0                            LAT/LON1/LON2/DLON/H
  241  227  214  201  190  182  180  185  198  214  230  245  254  258  259  259
  261  267  274  279  282  286  293  303  315  330  341  356  373  388  410  428
  447  461  478  498  512  524  525  519  504  479  458  440  422  406  395  381
  374  369  362  358  355  351  343  332  319  306  296  292  294  300  304  307
  308  306  300  290  282  272  263  254  241
    30.0-180.0 180.0   5.0 450.0                            LAT/LON1/LON2/DLON/H
  255  241  226  212  200  191  187  190  201  217  233  250  261  269  274  275
  279  286  290  295  298  300  307  317  331  347  360  377  395  413  436  457
  476  491  506  528  546  557  561  559  546  529  505  483  461  444  426  413
  403  399  389  379  374  368  358  347  333  320  311  306  305  307  309  313
  317  317  313  306  300  291  281  270  255
    27.5-180.0 180.0   5.0 450.0                            LAT/LON1/LON2/DLON/H
  269  252  237  223  210  201  196  196  204  216  234  251  266  277  284  289
  295  304  308  310  311  313  318  330  346  363  378  397  418  439  464  489
  507  522  538  560  576  585  592  591  580  565  541  517  500  480  457  446
  437  429  414  400  393  383  372  361  347  336  328  322  318  316  317  319
  323  325  322  317  312  306  296  284  269
    25.0-180.0 180.0   5.0 450.0                            LAT/LON1/LON2/DLON/H
  280  263  248  235  222  211  204  202  205  215  232  249  265  279  290  300
  308  319  323  324  323  324  330  343  360  379  397  418  438  463  490  517
  536  553  570  591  600  608  613  613  603  588  566  545  533  519  492  476
  468  455  436  419  409  396  385  372  361  351  343  335  328  323  321  323
  325  326  325  320  318  313  307  296  280
    22.5-180.0 180.0   5.0 450.0                            LAT/LON1/LON2/DLON/H
  289  273  259  246  235  223  215  209  207  211  229  246  261  277  292  305
  318  329  332  334  332  332  340  354  371  392  413  435  459  486  516  543
  563  580  601  615  615  615  620  622  614  600  584  571  556  551  521  502
  492  475  453  435  422  405  388  377  370  361  352  342  332  324  320  319
  319  320  320  318  316  314  312  303  289
    20.0-180.0 180.0   5.0 450.0                            LAT/LON1/LON2/DLON/H
  290  277  265  255  245  234  224  216  210  209  226  242  256  274  292  309
  323  333  337  337  334  336  345  360  380  402  426  451  476  504  537  566
  585  604  623  629  621  609  609  616  612  600  596  593  579  566  541  525
  513  493  469  444  430  407  387  377  370  359  348  338  326  314  309  303
  303  305  305  305  303  307  311  305  290
    17.5-180.0 180.0   5.0 450.0                            LAT/LON1/LON2/DLON/H
  284  271  264  258  250  240  230  222  214  210  221  237  251  269  289  308
  323  333  335  334  333  335  347  363  385  411  438  464  491  518  550  580
  599  622  639  637  618  596  587  594  593  594  598  601  590  573  556  547
  534  507  478  450  430  407  387  374  363  350  339  327  312  298  288  277
  274  274  273  277  277  289  304  300  284
    15.0-180.0 180.0   5.0 450.0                            LAT/LON1/LON2/DLON/H
  268  258  255  253  248  240  231  224  215  210  215  228  245  263  283  303
  319  328  330  328  328  332  346  366  392  421  448  478  505  529  559  585
  608  633  651  645  616  587  570  570  574  584  592  595  588  578  571  562
  547  516  484  453  428  406  387  371  357  343  330  314  296  279  266  251
  239  235  234  241  244  261  284  284  268
    12.5-180.0 180.0   5.0 450.0                            LAT/LON1/LON2/DLON/H
  239  237  238  239  238  233  226  221  213  207  208  216  234  254  274  294
  312  320  323  322  323  330  347  371  400  431  461  489  518  542  568  591
  617  647  664  654  622  586  563  557  564  576  583  586  584  582  579  570
  551  518  480  449  425  404  388  373  358  341  323  306  286  266  249  233
  217  206  203  209  215  229  248  250  239
    10.0-180.0 180.0   5.0 450.0                            LAT/LON1/LON2/DLON/H
  208  211  215  218  220  218  214  211  205  199  198  205  222  243  263  284
  303  313  317  320  322  333  353  381  411  443  474  503  530  558  580  603
  632  662  678  667  632  593  569  562  567  577  580  580  579  581  581  569
  547  512  474  442  421  406  393  380  366  345  326  308  286  265  246  229
  209  196  192  196  198  205  215  207  208
     7.5-180.0 180.0   5.0 450.0                            LAT/LON1/LON2/DLON/H
  187  189  192  193  197  197  196  195  193  188  186  192  209  231  253  274
  293  308  315  319  327  342  365  394  425  457  487  515  543  569  593  616
  647  676  695  680  645  609  591  580  582  588  584  578  574  577  574  562
  536  501  465  435  418  410  401  391  378  358  340  320  297  275  256  238
  223  207  202  202  198  196  194  189  187
     5.0-180.0 180.0   5.0 450.0                            LAT/LON1/LON2/DLON/H
  177  174  173  171  172  174  175  177  176  173  172  179  196  218  241  265
  287  304  315  324  336  355  381  411  441  471  500  527  554  581  606  631
  659  687  705  694  664  637  620  607  604  603  590  577  570  571  562  547
  518  483  449  423  413  411  408  403  390  374  359  336  313  294  275  258
  248  236  234  225  216  205  194  182  177
     2.5-180.0 180.0   5.0 450.0                            LAT/LON1/LON2/DLON/H
  175  167  160  153  151  154  156  158  160  158  156  164  182  203  232  256
  282  302  319  332  348  370  397  429  458  484  510  535  561  586  611  635
  663  688  704  701  681  660  645  633  627  613  590  575  564  555  542  520
  492  457  425  403  399  403  406  406  397  383  369  348  327  312  299  290
  278  273  273  261  248  233  209  188  175
