examples/working_directory_ferrara/IGS0OPSFIN_20231780000_01D_02H_GIM.INX
     1.0            IONOSPHERE MAPS     MIX                 IONEX VERSION / TYPE
cmpcmb v1.2          GRL/UWM            13-jul-23 17:21     PGM / RUN BY / DATE 
ionex file containing IGS COMBINED Ionosphere maps          COMMENT             
global ionosphere maps for day 178, 2023                    DESCRIPTION         
IONEX file containing the COMBINED IGS TEC MAPS and DCBs    DESCRIPTION         
      IONEX files of the following IAACs were combined: cod DESCRIPTION         
                                                        jpl DESCRIPTION         
                                                        upc DESCRIPTION         
Contact address: Andrzej Krankowski                         DESCRIPTION
                 Geodynamics Research Laboratory            DESCRIPTION
                 University of Warmia and Mazury (GRL/UWM)  DESCRIPTION
                 Oczapowski St. 1                           DESCRIPTION
                 10-957-Olsztyn, POLAND                     DESCRIPTION
                 e-mail:  kand@uwm.edu.pl                   DESCRIPTION
                                                            DESCRIPTION         
  2023     6    27     0     0     0                        EPOCH OF FIRST MAP  
  2023     6    28     0     0     0                        EPOCH OF LAST MAP   
  7200                                                      INTERVAL            
    13                                                      # OF MAPS IN FILE   
  COSZ                                                      MAPPING FUNCTION    
     0.0                                                    ELEVATION CUTOFF    
combined TEC calculated as weighted mean of input TEC valuesOBSERVABLES USED    
   316                                                      # OF STATIONS       
    32                                                      # OF SATELLITES     
  6371.0                                                    BASE RADIUS         
     2                                                      MAP DIMENSION       
   450.0 450.0   0.0                                        HGT1 / HGT2 / DHGT  
    87.5 -87.5  -2.5                                        LAT1 / LAT2 / DLAT  
  -180.0 180.0   5.0                                        LON1 / LON2 / DLON  
    -1                                                      EXPONENT            
TEC values in 0.1 tec units;  9999, if no value available   COMMENT             
DCB values in nanoseconds, reference is Sum_of_SatDCBs = 0  COMMENT             
                                                            END OF HEADER       
[from data line 4290]
    11                                                      START OF TEC MAP    
  2023     6    27    20     0     0                        EPOCH OF CURRENT MAP
    87.5-180.0 180.0   5.0 450.0                            LAT/LON1/LON2/DLON/H
  163  162  162  162  161  162  161  161  161  161  161  161  161  161  161  161
  161  162  162  162  162  163  163  164  163  163  163  163  163  163  163  164
  164  164  165  165  166  166  167  167  167  168  168  168  169  169  169  169
  170  169  169  169  169  170  170  170  170  170  170  170  169  169  169  168
  168  167  167  166  165  164  164  163  163
    85.0-180.0 180.0   5.0 450.0                            LAT/LON1/LON2/DLON/H
  164  163  162  162  161  161  161  160  160  161  161  161  163  163  163  164
  165  165  165  164  163  163  164  163  161  161  161  161  162  162  164  164
  165  167  168  168  170  171  171  172  173  174  175  175  176  176  177  176
  176  177  177  177  177  177  178  178  178  178  178  178  177  177  176  175
  174  173  172  170  169  167  166  165  164
    82.5-180.0 180.0   5.0 450.0                            LAT/LON1/LON2/DLON/H
  168  166  164  164  163  162  162  163  163  164  166  166  168  169  169  169
  169  169  168  168  170  168  170  164  162  163  164  164  164  164  165  167
  168  170  171  173  174  176  177  179  180  181  181  182  183  183  184  184
  185  185  185  185  186  186  187  187  187  188  188  188  188  187  186  185
  183  182  179  177  176  174  172  170  168
    80.0-180.0 180.0   5.0 450.0                            LAT/LON1/LON2/DLON/H
  172  169  167  165  166  165  166  167  169  171  174  177  179  180  180  180
  179  178  177  176  174  176  176  167  166  166  169  170  172  174  176  176
  175  177  176  176  178  180  182  183  185  186  187  188  189  189  190  190
  191  191  191  192  193  193  194  194  195  196  197  197  197  197  196  195
  193  192  189  186  185  181  178  175  172
    77.5-180.0 180.0   5.0 450.0                            LAT/LON1/LON2/DLON/H
  177  175  172  171  170  171  173  175  180  183  186  189  192  194  197  198
  197  196  197  192  185  182  181  179  175  174  173  175  176  179  182  184
  186  188  189  188  188  188  188  190  191  191  192  193  194  193  195  194
  195  195  194  195  196  196  196  197  198  199  200  202  202  203  203  202
  202  200  198  196  193  189  185  181  177
    75.0-180.0 180.0   5.0 450.0                            LAT/LON1/LON2/DLON/H
  187  183  181  179  179  181  184  189  194  199  206  210  214  217  217  218
  217  210  205  201  196  192  189  183  183  181  179  180  182  183  186  188
  192  194  195  196  197  197  196  196  197  198  197  197  197  197  197  197
  197  197  196  195  195  195  195  195  196  197  199  201  203  205  207  208
  208  207  206  205  202  198  195  190  187
    72.5-180.0 180.0   5.0 450.0                            LAT/LON1/LON2/DLON/H
  200  196  193  192  190  193  197  203  211  217  223  229  237  239  239  235
  229  223  218  215  207  203  198  193  188  189  188  188  188  191  193  195
  196  199  200  199  199  199  200  199  199  199  199  199  199  200  199  199
  198  198  196  194  192  190  189  190  191  193  195  198  202  205  208  210
  212  213  213  213  211  210  208  203  200
    70.0-180.0 180.0   5.0 450.0                            LAT/LON1/LON2/DLON/H
  214  211  208  206  204  205  210  217  223  230  239  245  250  252  251  246
  239  236  230  226  219  214  209  204  199  197  199  199  199  199  200  202
  203  203  203  203  202  200  200  200  199  198  198  199  199  200  200  199
  198  197  195  189  186  183  182  182  184  186  189  193  198  202  206  210
  213  216  218  221  222  223  220  218  214
    67.5-180.0 180.0   5.0 450.0                            LAT/LON1/LON2/DLON/H
  230  227  224  220  219  218  221  226  232  239  245  251  256  258  256  253
  248  244  240  235  229  225  221  216  213  210  211  210  210  208  209  209
  209  209  208  206  204  203  201  200  199  198  197  197  197  197  197  197
  195  194  189  184  177  174  172  173  174  178  182  187  193  198  203  208
  214  219  223  226  231  233  233  233  230
    65.0-180.0 180.0   5.0 450.0                            LAT/LON1/LON2/DLON/H
  244  242  239  235  232  229  230  233  237  242  247  252  255  256  255  254
  254  251  248  243  240  238  235  231  228  226  224  223  221  219  218  217
  216  215  213  210  207  206  204  201  200  199  198  197  198  197  196  195
  192  188  183  177  171  166  164  164  166  170  175  181  188  194  200  206
  212  219  225  232  237  242  244  246  244
    62.5-180.0 180.0   5.0 450.0                            LAT/LON1/LON2/DLON/H
  255  254  252  247  242  238  237  237  239  242  246  249  251  252  251  251
  253  253  254  252  251  252  250  248  246  243  241  239  235  234  230  228
  225  223  220  216  213  210  208  206  205  204  203  203  202  200  198  195
  192  186  179  173  167  162  160  160  161  166  172  179  186  193  199  206
  212  218  226  234  241  247  252  254  255
    60.0-180.0 180.0   5.0 450.0                            LAT/LON1/LON2/DLON/H
  263  262  261  256  250  246  242  241  241  242  244  245  246  247  246  247
  249  253  256  258  260  262  263  263  261  259  256  253  251  248  244  240
  237  232  229  226  221  218  216  214  213  211  211  210  207  204  201  196
  192  186  178  172  166  161  158  157  159  165  172  180  187  194  200  206
  212  220  227  234  242  249  256  260  263
    57.5-180.0 180.0   5.0 450.0                            LAT/LON1/LON2/DLON/H
  268  269  268  265  257  252  247  245  243  242  243  242  243  243  244  245
  248  252  255  259  263  267  271  272  271  270  268  267  264  262  257  254
  250  245  241  238  234  230  227  225  223  221  220  217  213  209  203  197
  193  185  178  171  165  159  156  155  158  163  172  180  187  195  201  207
  213  220  228  234  242  249  256  263  268
    55.0-180.0 180.0   5.0 450.0                            LAT/LON1/LON2/DLON/H
  272  275  275  271  264  258  253  249  246  244  242  242  241  242  244  245
  247  251  255  258  263  267  271  273  274  275  275  276  275  273  271  268
  265  260  256  253  248  243  241  238  235  233  229  226  220  213  205  199
  194  185  179  171  164  157  153  153  154  159  168  177  185  194  202  208
  216  221  229  234  240  248  257  265  272
    52.5-180.0 180.0   5.0 450.0                            LAT/LON1/LON2/DLON/H
  278  281  282  277  272  267  261  257  251  248  245  243  243  243  245  247
  250  252  254  256  260  263  267  270  273  275  279  282  284  285  286  285
  282  279  274  269  264  259  255  251  248  244  240  234  226  218  208  200
  194  187  180  173  165  158  155  153  154  157  164  172  181  192  202  210
  219  226  232  237  242  250  259  269  278
    50.0-180.0 180.0   5.0 450.0                            LAT/LON1/LON2/DLON/H
  286  290  290  286  282  277  271  265  259  255  250  247  246  246  248  251
  254  255  255  256  257  259  264  268  272  277  282  288  293  299  303  303
  301  298  294  287  282  275  269  263  259  255  248  240  232  221  211  200
  195  188  182  177  169  164  160  157  156  157  161  169  179  191  203  214
  224  234  240  245  250  256  266  277  286
    47.5-180.0 180.0   5.0 450.0                            LAT/LON1/LON2/DLON/H
  301  304  303  299  296  290  284  278  272  265  259  254  251  251  253  257
  258  259  258  258  257  259  264  270  276  283  290  298  307  315  320  322
  321  318  313  307  299  291  283  277  271  265  257  247  237  225  214  205
  200  191  186  181  177  172  167  163  160  159  162  168  177  190  205  220
  232  243  252  259  264  271  281  292  301
    45.0-180.0 180.0   5.0 450.0                            LAT/LON1/LON2/DLON/H
  321  325  321  317  312  307  300  293  285  278  270  263  259  257  259  263
  265  265  264  262  262  264  270  279  287  294  303  313  324  334  339  342
  341  339  334  325  317  307  298  290  283  276  267  255  243  231  218  209
  205  197  193  191  188  183  177  172  166  164  164  169  177  191  208  225
  240  254  267  275  283  291  302  313  321
    42.5-180.0 180.0   5.0 450.0                            LAT/LON1/LON2/DLON/H
  345  348  344  339  334  329  322  311  302  295  285  276  270  266  267  272
  274  275  274  274  274  278  285  295  305  313  323  335  345  355  359  361
  360  359  355  347  336  325  315  304  296  287  278  266  252  239  225  215
  212  208  205  206  203  197  190  183  176  172  169  171  179  192  210  230
  249  265  282  294  305  314  326  337  345
    40.0-180.0 180.0   5.0 450.0                            LAT/LON1/LON2/DLON/H
  368  372  370  364  361  356  347  336  325  317  305  292  283  279  279  283
  287  289  290  291  293  298  307  318  330  340  350  363  372  380  382  383
  382  382  378  370  359  346  333  321  311  301  290  277  264  249  235  226
  224  222  221  221  218  213  205  195  187  181  176  176  182  193  211  233
  256  275  295  311  326  337  350  359  368
    37.5-180.0 180.0   5.0 450.0                            LAT/LON1/LON2/DLON/H
  389  394  394  391  388  383  375  364  355  342  331  314  302  296  296  299
  306  309  312  314  317  325  335  348  361  373  384  396  406  408  409  408
  406  405  402  396  385  371  354  342  330  319  305  290  276  262  249  241
  239  235  235  233  231  225  216  206  197  190  184  182  186  195  211  234
  260  284  307  325  342  356  369  380  389
    35.0-180.0 180.0   5.0 450.0                            LAT/LON1/LON2/DLON/H
  404  412  415  416  415  411  406  398  390  376  363  344  329  323  321  326
  331  336  339  343  347  356  367  381  396  409  420  434  444  444  443  436
  432  431  429  423  412  396  376  363  349  336  319  301  287  274  262  253
  250  245  245  242  239  234  225  216  207  200  194  190  191  197  212  234
  261  290  313  333  353  369  384  396  404
    32.5-180.0 180.0   5.0 450.0                            LAT/LON1/LON2/DLON/H
  414  423  431  437  439  439  437  430  425  414  400  382  369  360  357  362
  368  370  372  375  379  387  401  415  429  445  459  473  484  485  480  466
  459  457  455  448  435  419  398  381  367  353  332  312  297  282  269  261
  257  250  249  247  244  238  231  223  216  209  204  199  196  201  213  235
  261  291  317  337  359  376  392  405  414
    30.0-180.0 180.0   5.0 450.0                            LAT/LON1/LON2/DLON/H
  418  429  442  452  459  465  465  464  462  456  440  426  412  406  402  409
  413  415  411  411  413  419  431  446  463  481  498  514  523  524  515  499
  488  482  480  471  458  440  415  395  381  364  345  321  302  285  270  262
  257  250  248  246  244  239  234  228  223  216  212  207  203  205  215  234
  260  290  317  339  358  377  395  407  418
    27.5-180.0 180.0   5.0 450.0                            LAT/LON1/LON2/DLON/H
  416  430  447  462  475  483  487  493  496  491  486  474  461  456  455  463
  464  465  454  450  446  451  460  474  493  513  531  550  559  562  551  531
  517  509  504  497  479  452  428  403  384  364  345  318  294  277  264  260
  253  247  242  239  237  235  231  227  224  220  215  211  207  207  215  232
  257  285  311  334  354  375  391  404  416
    25.0-180.0 180.0   5.0 450.0                            LAT/LON1/LON2/DLON/H
  411  427  446  464  481  494  503  512  521  526  528  520  510  509  510  517
  519  515  498  490  484  483  489  504  524  543  562  581  592  601  586  560
  541  528  524  517  488  453  422  392  368  346  325  300  277  261  253  251
  244  239  231  226  224  222  221  218  218  216  213  209  206  205  212  227
  250  277  302  325  347  366  385  396  411
    22.5-180.0 180.0   5.0 450.0                            LAT/LON1/LON2/DLON/H
  405  421  440  460  479  496  509  523  537  550  559  558  555  557  564  571
  572  563  544  531  520  516  522  538  557  577  594  612  623  628  610  580
  553  534  528  508  468  427  386  355  331  310  290  271  255  244  238  235
  227  222  212  205  204  202  202  202  204  205  205  203  199  197  204  219
  241  268  293  316  338  357  375  389  405
    20.0-180.0 180.0   5.0 450.0                            LAT/LON1/LON2/DLON/H
  400  416  434  453  472  490  505  523  542  560  576  585  591  597  608  618
  620  609  588  569  555  549  557  576  595  612  623  633  638  638  614  577
  545  519  509  471  425  376  329  301  282  267  250  240  233  226  221  216
  208  197  188  181  179  177  181  182  185  187  190  190  188  187  194  208
  231  258  284  309  331  351  369  384  400
    17.5-180.0 180.0   5.0 450.0                            LAT/LON1/LON2/DLON/H
  398  414  429  445  463  480  496  515  536  559  581  599  614  625  639  651
  655  646  628  607  590  584  591  612  631  636  640  639  635  629  603  567
  533  504  476  422  380  314  266  245  236  222  214  213  212  210  206  196
  187  175  166  159  157  157  161  164  166  170  174  176  176  176  181  195
  220  250  276  302  326  348  366  382  398
    15.0-180.0 180.0   5.0 450.0                            LAT/LON1/LON2/DLON/H
  400  415  428  441  454  469  484  502  523  547  573  598  620  637  653  668
  678  674  659  638  623  618  624  641  654  650  644  634  622  608  583  549
  515  485  449  392  333  271  223  202  188  181  186  197  202  202  196  185
  172  160  150  146  143  144  148  151  152  157  163  165  165  164  169  181
  206  235  265  297  323  346  367  385  400
    12.5-180.0 180.0   5.0 450.0                            LAT/LON1/LON2/DLON/H
  406  420  432  441  451  463  476  491  508  532  558  586  613  635  654  672
  687  690  684  667  652  648  653  664  670  661  642  621  601  582  558  527
  498  467  422  366  305  250  205  178  160  161  178  196  206  205  197  184
  168  154  144  139  138  138  140  141  144  148  153  155  154  153  156  167
  189  219  253  287  318  347  372  392  406
    10.0-180.0 180.0   5.0 450.0                            LAT/LON1/LON2/DLON/H
  415  431  442  450  457  465  475  488  499  518  543  569  598  625  647  668
  686  696  698  688  676  672  675  679  678  663  636  608  581  558  535  511
  486  449  405  354  297  250  212  183  169  172  193  211  221  222  214  191
  172  155  145  139  138  137  136  137  138  141  145  146  146  144  146  154
  174  203  239  276  313  344  375  398  415
     7.5-180.0 180.0   5.0 450.0                            LAT/LON1/LON2/DLON/H
  425  441  455  464  471  478  485  493  500  512  531  554  580  607  634  657
  678  693  701  698  692  688  686  682  674  653  622  592  565  543  522  502
  479  443  403  355  311  277  248  223  213  211  226  241  243  244  234  206
  186  164  152  144  140  138  135  135  135  136  139  140  139  138  138  145
  162  190  226  266  305  340  374  403  425
     5.0-180.0 180.0   5.0 450.0                            LAT/LON1/LON2/DLON/H
  428  450  469  480  491  497  504  507  510  515  526  543  565  590  616  640
  661  682  695  697  695  688  681  671  657  635  608  580  555  537  523  506
  482  451  413  374  344  327  310  284  272  262  268  272  269  267  249  219
  199  173  160  152  145  139  134  132  131  130  132  133  134  133  133  139
  153  179  215  256  296  334  369  402  428
     2.5-180.0 180.0   5.0 450.0                            LAT/LON1/LON2/DLON/H
  425  453  480  499  513  520  526  528  527  525  527  537  553  573  595  618
  639  661  680  688  685  674  660  646  633  615  595  571  553  538  528  517
  494  460  422  392  378  372  368  354  327  313  305  300  288  274  250  220
  202  175  164  155  147  139  132  129  126  123  123  124  126  127  128  134
  146  170  204  246  287  325  361  395  425
