examples/working_directory_ferrara/IGS0OPSFIN_20231780000_01D_02H_GIM.INX
     1.0            IONOSPHERE MAPS     MIX                 IONEX VERSION / TYPE
cmpcmb v1.2          GRL/UWM            13-jul-23 17:21     PGM / RUN BY / DATE 
ionex file containing IGS COMBINED Ionosphere maps          COMMENT             
global ionosphere maps for day 178, 2023                    DESCRIPTION         
IONEX file containing the COMBINED IGS TEC MAPS and DCBs    DESCRIPTION         
      IONEX files of the following IAACs were combined: cod DESCRIPTION         
                                                        jpl DESCRIPTION         
                                                        upc DESCRIPTION         
Contact address: Andrzej Krankowski                         DESCRIPTION
                 Geodynamics Research Laboratory            DESCRIPTION
                 University of Warmia and Mazury (GRL/UWM)  DESCRIPTION
                 Oczapowski St. 1                           DESCRIPTION
                 10-957-Olsztyn, POLAND                     DESCRIPTION
                 e-mail:  kand@uwm.edu.pl                   DESCRIPTION
                                                            DESCRIPTION         
  2023     6    27     0     0     0                        EPOCH OF FIRST MAP  
  2023     6    28     0     0     0                        EPOCH OF LAST MAP   
  7200                                                      INTERVAL            
    13                                                      # OF MAPS IN FILE   
  COSZ                                                      MAPPING FUNCTION    
     0.0                                                    ELEVATION CUTOFF    
combined TEC calculated as weighted mean of input TEC valuesOBSERVABLES USED    
   316                                                      # OF STATIONS       
    32                                                      # OF SATELLITES     
  6371.0                                                    BASE RADIUS         
     2                                                      MAP DIMENSION       
   450.0 450.0   0.0                                        HGT1 / HGT2 / DHGT  
    87.5 -87.5  -2.5                                        LAT1 / LAT2 / DLAT  
  -180.0 180.0   5.0                                        LON1 / LON2 / DLON  
    -1                                                      EXPONENT            
TEC values in 0.1 tec units;  9999, if no value available   COMMENT             
DCB values in nanoseconds, reference is Sum_of_SatDCBs = 0  COMMENT             
                                                            END OF HEADER       
[from data line 2574]
     7                                                      START OF TEC MAP    
  2023     6    27    12     0     0                        EPOCH OF CURRENT MAP
    87.5-180.0 180.0   5.0 450.0                            LAT/LON1/LON2/DLON/H
  217  218  218  218  218  219  220  220  221  221  222  224  223  224  225  226
  227  229  229  229  229  229  229  229  228  228  227  227  227  226  225  225
  224  224  223  223  222  222  221  220  220  219  219  218  217  217  216  216
  216  216  216  216  216  216  216  216  216  216  216  216  216  216  216  216
  217  217  216  216  216  216  216  217  217
    85.0-180.0 180.0   5.0 450.0                            LAT/LON1/LON2/DLON/H
  211  212  213  214  215  216  216  217  218  219  220  222  223  224  225  225
  226  226  227  230  232  233  235  235  234  233  233  232  231  231  230  229
  228  226  225  223  222  220  218  216  215  213  212  211  211  210  210  210
  211  211  211  211  212  213  212  213  213  213  213  213  212  212  211  210
  210  209  209  209  209  209  210  211  211
    82.5-180.0 180.0   5.0 450.0                            LAT/LON1/LON2/DLON/H
  207  207  207  207  207  208  209  210  210  212  212  215  216  218  220  222
  223  225  228  230  229  232  237  236  235  235  236  234  233  232  230  229
  227  225  223  222  219  217  215  213  211  209  207  205  204  204  205  205
  206  208  210  211  213  214  216  216  216  217  216  214  213  211  210  208
  207  206  206  206  206  207  207  207  207
    80.0-180.0 180.0   5.0 450.0                            LAT/LON1/LON2/DLON/H
  199  198  197  197  196  196  195  197  198  199  201  203  206  208  210  213
  215  218  220  223  225  226  232  231  234  236  237  236  237  236  235  234
  231  229  226  220  217  213  210  208  206  204  202  202  201  202  204  206
  208  210  213  217  220  222  224  226  226  226  224  222  220  218  215  213
  210  208  207  206  205  203  202  199  199
    77.5-180.0 180.0   5.0 450.0                            LAT/LON1/LON2/DLON/H
  192  189  189  187  187  187  186  187  189  190  192  192  195  198  200  202
  205  210  213  217  218  218  221  223  226  229  230  232  232  233  234  234
  233  232  229  226  223  217  213  209  206  203  202  202  202  204  207  212
  216  220  223  227  231  234  236  238  239  238  236  234  231  226  222  219
  215  212  209  206  202  200  196  193  192
    75.0-180.0 180.0   5.0 450.0                            LAT/LON1/LON2/DLON/H
  186  183  181  181  180  180  180  181  182  182  183  183  185  186  187  190
  193  196  198  199  204  207  211  214  216  220  223  226  229  232  234  236
  238  238  238  234  230  226  222  216  212  209  207  207  207  210  215  221
  227  233  237  241  245  249  251  252  252  251  248  245  240  236  230  225
  220  216  211  207  202  198  193  188  186
    72.5-180.0 180.0   5.0 450.0                            LAT/LON1/LON2/DLON/H
  184  180  178  178  178  176  177  177  176  176  176  176  177  177  179  181
  182  183  184  187  191  193  199  202  206  211  216  219  223  230  234  239
  243  246  246  245  242  237  232  227  223  219  217  216  217  220  225  231
  238  244  250  255  260  263  265  266  265  262  258  253  248  241  235  228
  222  217  213  208  203  198  192  186  184
    70.0-180.0 180.0   5.0 450.0                            LAT/LON1/LON2/DLON/H
  183  178  176  175  175  175  175  174  174  173  172  172  173  174  174  176
  176  174  177  178  181  183  189  193  197  203  210  215  220  226  233  240
  246  250  254  254  252  248  244  240  235  232  230  228  229  232  236  241
  247  253  259  264  268  271  272  273  271  266  262  256  249  243  235  229
  223  217  213  209  203  197  192  186  183
    67.5-180.0 180.0   5.0 450.0                            LAT/LON1/LON2/DLON/H
  182  178  174  173  173  174  174  173  171  171  171  171  172  173  174  174
  173  173  174  174  175  177  182  186  191  198  205  212  218  224  232  240
  247  253  258  260  260  258  254  250  246  242  240  239  239  241  244  248
  253  257  262  266  268  270  271  270  268  262  257  251  245  239  232  227
  221  217  212  208  203  196  190  184  182
    65.0-180.0 180.0   5.0 450.0                            LAT/LON1/LON2/DLON/H
  180  175  173  171  173  174  174  173  172  172  171  172  174  176  176  176
  176  174  174  174  173  175  179  185  191  197  202  209  215  223  231  240
  249  255  260  263  264  262  260  257  254  251  248  248  247  248  249  251
  253  256  258  259  260  260  260  258  256  250  245  241  235  230  226  221
  216  213  209  206  200  195  187  182  180
    62.5-180.0 180.0   5.0 450.0                            LAT/LON1/LON2/DLON/H
  177  172  169  168  169  171  172  173  172  172  172  174  176  177  178  179
  178  177  176  175  175  177  180  186  192  196  200  208  215  223  232  241
  249  256  261  264  265  263  261  259  258  256  254  253  253  251  251  250
  249  249  249  248  248  246  245  243  240  236  232  229  226  222  218  214
  211  208  206  202  198  194  186  178  177
    60.0-180.0 180.0   5.0 450.0                            LAT/LON1/LON2/DLON/H
  177  168  164  162  161  163  165  167  168  169  172  174  176  178  181  182
  180  179  178  178  178  180  183  188  193  198  202  209  217  225  234  243
  251  257  261  263  263  262  261  260  259  259  257  257  255  253  251  248
  245  242  240  238  236  234  232  230  228  226  224  222  220  218  215  212
  209  206  204  202  198  194  186  179  177
    57.5-180.0 180.0   5.0 450.0                            LAT/LON1/LON2/DLON/H
  178  166  161  157  152  151  151  154  156  160  164  170  173  177  181  183
  182  181  180  180  180  182  185  189  194  200  205  212  220  229  238  247
  255  259  262  262  261  260  260  260  261  260  260  259  257  255  252  248
  245  240  236  233  230  228  227  226  225  224  224  223  222  221  218  215
  212  210  208  205  200  193  188  181  178
    55.0-180.0 180.0   5.0 450.0                            LAT/LON1/LON2/DLON/H
  177  166  160  154  145  140  139  138  140  146  152  158  165  173  178  180
  181  182  181  181  182  184  187  191  197  203  208  215  224  234  244  254
  261  265  266  266  264  262  262  263  263  264  264  263  261  260  256  252
  247  242  236  233  232  232  232  232  232  232  233  234  234  232  230  227
  224  220  217  212  206  197  190  181  177
    52.5-180.0 180.0   5.0 450.0                            LAT/LON1/LON2/DLON/H
  179  168  160  151  141  134  130  127  127  131  138  146  154  164  170  175
  177  179  180  181  183  186  190  195  201  207  214  221  230  243  254  264
  271  275  275  274  271  270  270  270  270  271  271  269  268  267  264  260
  255  249  245  243  243  244  245  245  246  247  248  250  251  250  249  247
  242  235  230  224  215  206  196  185  179
    50.0-180.0 180.0   5.0 450.0                            LAT/LON1/LON2/DLON/H
  188  173  163  153  142  132  124  121  119  121  127  134  143  153  161  167
  172  175  179  182  186  190  195  200  207  212  220  227  238  251  266  276
  283  288  289  288  285  283  283  284  284  283  282  281  279  280  276  274
  269  265  260  259  260  262  264  264  264  264  264  267  269  270  270  268
  262  254  247  239  228  216  205  195  188
    47.5-180.0 180.0   5.0 450.0                            LAT/LON1/LON2/DLON/H
  195  183  171  158  144  133  124  119  116  116  121  128  136  145  153  161
  167  173  179  186  192  198  203  209  215  220  227  235  246  260  275  288
  297  303  306  305  305  304  303  302  302  301  298  297  296  295  292  290
  286  283  279  278  279  281  283  284  282  278  276  278  283  287  288  287
  282  273  264  252  241  227  215  203  195
    45.0-180.0 180.0   5.0 450.0                            LAT/LON1/LON2/DLON/H
  206  195  182  168  154  140  129  122  118  118  121  127  135  142  150  158
  166  174  182  192  200  208  214  220  225  231  237  245  255  270  283  298
  311  321  326  328  329  330  330  330  326  325  322  318  317  316  312  312
  306  301  297  295  294  296  298  300  296  289  285  284  290  296  300  300
  296  289  280  267  252  238  225  213  206
    42.5-180.0 180.0   5.0 450.0                            LAT/LON1/LON2/DLON/H
  216  204  193  179  165  151  139  131  127  126  127  131  138  143  150  158
  169  179  190  201  211  221  226  231  236  241  247  255  266  278  294  310
  325  338  347  351  356  359  358  358  357  355  350  345  343  340  338  334
  327  320  313  309  306  307  308  307  301  294  289  285  291  299  302  304
  303  298  291  278  262  245  233  222  216
    40.0-180.0 180.0   5.0 450.0                            LAT/LON1/LON2/DLON/H
  226  215  205  192  178  163  152  144  140  138  138  140  143  146  153  162
  172  185  199  213  225  234  239  244  248  253  258  264  276  288  304  320
  337  352  365  373  381  386  388  389  390  386  382  376  375  372  367  361
  350  342  329  322  316  315  315  312  305  295  289  284  289  296  300  302
  303  301  295  284  269  253  241  231  226
    37.5-180.0 180.0   5.0 450.0                            LAT/LON1/LON2/DLON/H
  234  227  217  205  190  177  165  159  156  155  153  151  151  152  158  167
  178  194  210  225  238  246  252  257  260  265  269  276  286  299  314  330
  348  366  381  392  404  413  419  421  422  420  414  411  410  407  400  391
  379  364  348  336  328  326  326  323  315  304  293  288  290  294  297  300
  300  301  297  287  274  260  248  237  234
    35.0-180.0 180.0   5.0 450.0                            LAT/LON1/LON2/DLON/H
  250  238  229  217  203  190  179  173  171  172  169  165  160  160  164  172
  185  203  220  236  250  259  264  268  271  275  281  287  295  309  325  341
  358  375  391  406  422  436  444  450  454  453  451  450  448  447  436  428
  409  393  375  360  351  347  347  344  336  323  310  302  299  298  298  299
  300  302  301  294  282  269  259  252  250
    32.5-180.0 180.0   5.0 450.0                            LAT/LON1/LON2/DLON/H
  266  253  244  230  216  204  193  187  185  184  182  177  170  167  169  177
  192  210  228  246  261  268  272  275  278  284  290  296  305  319  337  353
  369  386  401  418  436  454  466  477  484  489  489  490  490  487  477  464
  448  430  413  400  388  383  385  382  372  360  344  330  321  313  306  304
  304  307  307  304  294  283  275  268  266
    30.0-180.0 180.0   5.0 450.0                            LAT/LON1/LON2/DLON/H
  286  273  262  247  232  218  208  201  198  196  194  187  177  172  172  181
  196  215  234  255  270  276  278  280  283  290  297  304  315  331  349  366
  383  398  412  429  449  468  484  498  510  523  526  529  532  524  517  504
  489  474  460  452  444  434  437  435  424  411  392  371  354  338  324  315
  314  317  318  317  310  301  295  289  286
    27.5-180.0 180.0   5.0 450.0                            LAT/LON1/LON2/DLON/H
  308  298  284  268  251  236  225  216  210  207  203  194  182  175  175  183
  198  218  239  261  276  281  282  282  285  293  303  313  327  346  365  383
  400  414  426  443  463  483  497  516  533  550  558  561  561  558  553  542
  531  525  517  512  506  495  496  493  483  468  447  419  395  370  347  332
  328  329  334  333  327  321  317  313  308
    25.0-180.0 180.0   5.0 450.0                            LAT/LON1/LON2/DLON/H
  334  323  310  292  274  258  243  230  222  217  210  198  186  177  175  182
  198  219  243  265  278  283  283  283  286  295  307  323  342  363  385  404
  422  434  444  459  476  495  511  532  548  564  576  581  583  584  584  580
  575  584  576  575  566  556  556  552  540  523  499  468  435  402  371  352
  341  343  348  350  346  342  341  339  334
    22.5-180.0 180.0   5.0 450.0                            LAT/LON1/LON2/DLON/H
  358  349  335  318  299  280  263  246  234  224  215  201  188  177  174  179
  194  216  241  263  276  280  279  281  285  297  313  332  356  380  406  428
  447  461  467  475  492  508  522  541  558  573  587  592  596  601  608  614
  620  626  633  629  620  610  610  602  586  564  536  503  465  426  391  367
  352  351  356  358  357  358  359  360  358
    20.0-180.0 180.0   5.0 450.0                            LAT/LON1/LON2/DLON/H
  371  368  357  342  323  303  280  260  244  231  219  204  189  177  171  175
  189  210  234  253  267  271  271  277  285  301  320  343  368  397  428  453
  475  490  494  497  507  517  529  546  560  574  587  592  599  610  623  633
  648  663  670  667  661  648  643  625  603  577  547  514  473  433  396  364
  348  346  348  350  352  358  365  370  371
    17.5-180.0 180.0   5.0 450.0                            LAT/LON1/LON2/DLON/H
  371  376  370  358  341  320  295  272  252  237  223  206  189  175  168  170
  182  201  222  239  253  259  263  273  285  305  328  354  381  414  448  478
  501  517  522  523  527  529  536  549  559  569  580  584  590  604  620  640
  659  675  684  683  675  660  644  617  591  564  533  500  459  417  379  345
  327  323  323  322  328  338  351  364  371
    15.0-180.0 180.0   5.0 450.0                            LAT/LON1/LON2/DLON/H
  354  369  371  364  351  330  304  278  257  240  225  208  190  173  165  164
  176  191  208  224  240  249  257  269  286  309  336  364  393  427  462  498
  524  541  550  550  548  545  548  556  559  563  566  568  576  588  603  625
  648  666  677  674  665  649  625  597  568  538  505  471  429  387  353  324
  303  291  286  283  289  300  320  341  354
    12.5-180.0 180.0   5.0 450.0                            LAT/LON1/LON2/DLON/H
  319  347  356  357  350  332  304  276  255  240  224  206  189  171  161  159
  166  178  193  208  226  239  251  268  289  316  344  374  405  440  474  510
  540  561  572  572  568  563  562  563  564  561  557  557  561  569  583  605
  630  651  658  655  645  625  603  571  543  512  478  443  402  364  333  306
  283  262  250  244  247  256  274  302  319
    10.0-180.0 180.0   5.0 450.0                            LAT/LON1/LON2/DLON/H
  270  311  327  338  338  321  293  266  247  234  219  202  185  170  158  154
  156  163  177  193  213  230  249  270  296  325  354  385  416  450  483  518
  551  577  591  592  587  581  578  576  572  566  557  553  553  556  570  594
  620  638  642  638  624  604  583  556  528  497  462  426  390  356  328  303
  275  250  232  222  218  222  233  253  270
     7.5-180.0 180.0   5.0 450.0                            LAT/LON1/LON2/DLON/H
  233  269  294  312  314  297  272  251  234  224  210  194  180  167  156  150
  148  151  164  183  204  226  250  276  305  335  364  394  423  455  489  522
  557  585  602  603  597  592  591  589  581  575  565  555  552  555  568  590
  616  632  633  627  610  592  576  553  527  497  463  428  393  363  340  320
  294  268  242  224  210  208  210  218  233
     5.0-180.0 180.0   5.0 450.0                            LAT/LON1/LON2/DLON/H
  219  243  267  284  282  268  249  232  218  209  198  184  172  163  153  146
  142  143  156  177  201  225  253  284  314  345  372  399  426  457  490  521
  556  585  601  601  593  589  592  595  594  585  573  561  558  562  573  593
  618  633  630  621  606  591  578  561  537  508  476  442  408  383  363  355
  335  308  277  251  228  219  214  212  219
     2.5-180.0 180.0   5.0 450.0                            LAT/LON1/LON2/DLON/H
  231  238  250  255  254  241  228  215  202  193  182  171  163  156  148  141
  137  140  152  174  199  226  257  290  322  352  376  398  424  453  483  513
  544  570  583  579  571  573  581  591  597  592  580  568  566  569  582  603
  626  635  630  617  603  590  579  568  550  520  490  457  429  407  399  394
  385  358  330  295  276  259  246  234  231
