examples/working_directory_ferrara/IGS0OPSFIN_20231780000_01D_02H_GIM.INX
     1.0            IONOSPHERE MAPS     MIX                 IONEX VERSION / TYPE
cmpcmb v1.2          GRL/UWM            13-jul-23 17:21     PGM / RUN BY / DATE 
ionex file containing IGS COMBINED Ionosphere maps          COMMENT             
global ionosphere maps for day 178, 2023                    DESCRIPTION         
IONEX file containing the COMBINED IGS TEC MAPS and DCBs    DESCRIPTION         
      IONEX files of the following IAACs were combined: cod DESCRIPTION         
                                                        jpl DESCRIPTION         
                                                        upc DESCRIPTION         
Contact address: Andrzej Krankowski                         DESCRIPTION
                 Geodynamics Research Laboratory            DESCRIPTION
                 University of Warmia and Mazury (GRL/UWM)  DESCRIPTION
                 Oczapowski St. 1                           DESCRIPTION
                 10-957-Olsztyn, POLAND                     DESCRIPTION
                 e-mail:  kand@uwm.edu.pl                   DESCRIPTION
                                                            DESCRIPTION         
  2023     6    27     0     0     0                        EPOCH OF FIRST MAP  
  2023     6    28     0     0     0                        EPOCH OF LAST MAP   
  7200                                                      INTERVAL            
    13                                                      # OF MAPS IN FILE   
  COSZ                                                      MAPPING FUNCTION    
     0.0                                                    ELEVATION CUTOFF    
combined TEC calculated as weighted mean of input TEC valuesOBSERVABLES USED    
   316                                                      # OF STATIONS       
    32                                                      # OF SATELLITES     
  6371.0                                                    BASE RADIUS         
     2                                                      MAP DIMENSION       
   450.0 450.0   0.0                                        HGT1 / HGT2 / DHGT  
    87.5 -87.5  -2.5                                        LAT1 / LAT2 / DLAT  
  -180.0 180.0   5.0                                        LON1 / LON2 / DLON  
    -1                                                      EXPONENT            
TEC values in 0.1 tec units;  9999, if no value available   COMMENT             
DCB values in nanoseconds, reference is Sum_of_SatDCBs = 0  COMMENT             
                                                            END OF HEADER       
[from data line 3861]
    10                                                      START OF TEC MAP    
  2023     6    27    18     0     0                        EPOCH OF CURRENT MAP
    87.5-180.0 180.0   5.0 450.0                            LAT/LON1/LON2/DLON/H
  189  189  188  188  187  188  188  188  188  188  190  190  191  191  192  193
  194  195  195  196  196  196  196  196  197  197  198  200  201  201  202  202
  202  203  203  204  204  204  204  204  204  204  204  203  204  203  203  202
  202  201  201  201  201  201  200  200  199  199  199  198  198  197  196  195
  194  194  193  191  191  190  189  188  189
    85.0-180.0 180.0   5.0 450.0                            LAT/LON1/LON2/DLON/H
  179  178  178  178  178  178  178  179  179  181  182  183  184  185  186  187
  189  190  192  194  195  197  198  198  200  201  202  203  203  204  204  206
  206  207  207  207  208  208  207  207  207  207  206  206  206  205  205  205
  205  204  203  202  202  201  201  201  200  200  199  198  197  195  193  191
  189  187  185  184  183  181  180  179  179
    82.5-180.0 180.0   5.0 450.0                            LAT/LON1/LON2/DLON/H
  173  172  170  170  170  169  169  170  169  171  172  174  177  180  183  184
  187  190  193  195  195  196  200  201  202  202  204  204  205  206  206  208
  208  209  209  211  211  211  212  211  210  209  209  207  207  206  206  205
  205  206  205  203  203  202  201  200  199  198  197  196  194  193  191  188
  186  184  182  180  179  177  175  174  173
    80.0-180.0 180.0   5.0 450.0                            LAT/LON1/LON2/DLON/H
  170  167  166  164  163  162  161  162  164  166  169  173  177  180  183  187
  190  193  196  198  200  202  203  200  204  205  205  205  206  206  207  207
  207  208  208  209  209  209  209  208  207  207  206  206  205  205  204  205
  205  205  205  204  203  202  202  199  198  197  196  195  194  191  190  187
  186  184  182  180  179  176  174  172  170
    77.5-180.0 180.0   5.0 450.0                            LAT/LON1/LON2/DLON/H
  171  168  165  163  161  160  161  161  163  166  169  172  176  181  186  191
  196  199  200  202  208  212  210  209  205  208  208  207  207  207  207  207
  208  208  208  208  207  207  207  205  204  202  201  201  201  201  200  201
  202  202  202  202  202  201  200  198  197  195  195  193  192  191  190  188
  187  186  184  183  182  180  177  174  171
    75.0-180.0 180.0   5.0 450.0                            LAT/LON1/LON2/DLON/H
  178  174  171  168  166  166  165  166  168  170  174  179  184  189  194  197
  200  204  210  216  218  215  216  217  214  210  209  209  210  210  209  208
  207  207  207  206  205  204  202  201  200  199  197  196  195  195  196  196
  197  198  198  199  198  198  198  196  195  193  192  191  191  190  190  190
  190  191  190  190  188  187  185  181  178
    72.5-180.0 180.0   5.0 450.0                            LAT/LON1/LON2/DLON/H
  190  186  182  179  176  176  175  175  178  181  185  190  195  201  204  208
  215  218  224  229  226  225  225  226  223  218  215  212  211  211  211  210
  209  207  206  205  203  201  200  198  196  195  194  193  192  192  192  193
  194  194  195  196  196  196  195  193  191  190  189  189  188  188  189  191
  193  196  197  199  199  199  198  194  190
    70.0-180.0 180.0   5.0 450.0                            LAT/LON1/LON2/DLON/H
  205  201  197  194  191  188  189  189  191  194  199  205  210  213  219  224
  229  233  237  237  235  235  234  233  231  226  222  218  216  214  213  212
  211  209  207  206  204  201  200  199  196  195  194  193  192  192  192  192
  193  195  196  196  196  195  193  191  188  186  184  184  184  185  187  191
  195  200  205  209  212  213  211  209  205
    67.5-180.0 180.0   5.0 450.0                            LAT/LON1/LON2/DLON/H
  221  218  213  210  208  205  203  205  207  211  214  219  223  228  229  236
  239  241  244  243  244  244  244  241  237  233  229  226  223  221  220  218
  216  214  212  209  207  204  202  201  199  198  197  196  195  194  194  195
  196  198  200  200  198  196  193  188  185  181  180  179  179  180  183  188
  194  202  209  217  222  225  225  223  221
    65.0-180.0 180.0   5.0 450.0                            LAT/LON1/LON2/DLON/H
  233  231  228  225  224  222  220  219  222  224  227  229  233  236  237  240
  243  245  248  250  252  253  252  248  245  241  238  236  232  231  229  227
  226  223  220  216  212  209  207  204  203  202  201  200  199  198  198  199
  202  203  205  204  201  197  191  186  181  178  175  174  174  175  178  183
  192  200  211  220  228  232  233  234  233
    62.5-180.0 180.0   5.0 450.0                            LAT/LON1/LON2/DLON/H
  238  238  236  236  236  234  233  232  232  234  235  237  239  240  241  241
  243  245  249  252  256  259  259  257  254  252  249  247  245  245  242  240
  238  234  228  223  219  214  212  210  209  209  208  206  205  203  203  204
  205  207  209  207  203  196  190  184  179  175  172  170  170  171  174  179
  187  196  207  218  226  232  236  238  238
    60.0-180.0 180.0   5.0 450.0                            LAT/LON1/LON2/DLON/H
  238  239  241  242  243  243  242  241  240  240  241  242  242  242  242  241
  242  244  247  251  255  259  261  261  260  259  258  258  258  259  257  255
  252  245  238  232  227  221  218  217  217  217  216  214  211  209  208  207
  209  211  211  210  204  197  190  182  177  172  170  168  168  168  171  176
  182  192  202  213  222  230  235  237  238
    57.5-180.0 180.0   5.0 450.0                            LAT/LON1/LON2/DLON/H
  235  237  241  245  247  248  249  247  245  244  244  244  244  243  242  241
  241  243  245  248  252  256  258  259  260  261  264  266  268  271  271  270
  266  259  251  243  237  230  228  227  227  227  226  222  218  215  212  211
  212  213  213  209  203  194  188  179  174  170  168  167  167  166  169  172
  177  185  197  207  217  225  230  233  235
    55.0-180.0 180.0   5.0 450.0                            LAT/LON1/LON2/DLON/H
  232  236  241  247  252  254  254  251  249  247  246  245  245  244  243  242
  242  243  245  247  249  251  254  256  259  262  266  271  276  282  284  285
  281  273  265  257  249  244  241  240  239  240  237  233  226  221  217  214
  214  211  210  205  199  191  185  176  172  169  168  166  166  166  167  169
  174  180  192  204  212  220  226  228  232
    52.5-180.0 180.0   5.0 450.0                            LAT/LON1/LON2/DLON/H
  230  235  243  251  257  261  261  259  255  251  248  247  247  246  246  245
  244  245  245  246  247  249  250  253  257  262  268  276  286  293  297  299
  296  289  281  272  264  259  256  255  256  254  250  244  235  227  221  216
  212  209  205  202  197  189  183  175  171  170  169  168  169  168  168  169
  172  177  187  200  210  217  221  225  230
    50.0-180.0 180.0   5.0 450.0                            LAT/LON1/LON2/DLON/H
  232  240  248  257  265  270  270  268  264  258  254  252  251  249  248  248
  247  247  247  247  248  248  250  253  257  264  273  284  295  304  310  312
  310  304  298  288  281  276  273  271  271  269  263  255  245  234  224  216
  212  208  205  202  196  189  184  177  173  171  171  172  173  173  173  173
  173  178  185  197  207  215  220  225  232
    47.5-180.0 180.0   5.0 450.0                            LAT/LON1/LON2/DLON/H
  240  250  259  268  277  283  283  281  275  267  262  258  256  253  252  252
  251  251  250  250  250  251  253  257  263  271  281  294  306  316  322  325
  324  321  315  307  299  294  291  290  288  283  276  265  253  239  226  218
  213  210  207  203  197  191  186  180  176  175  176  176  178  179  179  178
  179  182  188  197  207  215  222  230  240
    45.0-180.0 180.0   5.0 450.0                            LAT/LON1/LON2/DLON/H
  254  267  276  285  293  298  299  294  287  280  273  268  264  260  257  256
  256  256  255  255  256  258  261  267  273  282  293  307  318  326  334  337
  339  339  335  327  319  315  311  308  304  298  288  276  261  244  231  222
  216  213  210  208  202  196  192  187  183  183  183  184  185  185  185  185
  185  187  193  202  210  220  232  244  254
    42.5-180.0 180.0   5.0 450.0                            LAT/LON1/LON2/DLON/H
  272  286  296  304  311  316  315  310  303  297  289  281  275  268  264  263
  262  262  263  264  267  271  277  283  291  300  310  322  333  342  349  355
  359  361  358  350  345  339  334  327  321  312  300  285  269  254  239  229
  223  221  218  216  213  207  204  199  196  195  194  193  193  192  191  191
  192  193  198  207  217  229  243  257  272
    40.0-180.0 180.0   5.0 450.0                            LAT/LON1/LON2/DLON/H
  287  303  315  325  331  336  334  329  323  316  306  296  286  279  274  273
  272  273  274  277  282  290  297  305  313  322  332  344  353  363  371  380
  388  390  390  383  377  368  358  347  338  326  312  298  282  265  251  240
  234  231  229  228  226  220  217  214  211  210  207  204  202  200  198  197
  197  198  203  212  223  238  254  270  287
    37.5-180.0 180.0   5.0 450.0                            LAT/LON1/LON2/DLON/H
  298  316  330  342  350  353  354  351  346  338  329  316  304  295  288  287
  287  289  290  295  302  313  323  331  340  349  359  373  384  393  405  418
  428  433  431  426  416  401  385  370  358  344  326  311  296  279  264  253
  245  242  241  242  239  234  232  228  226  224  221  216  212  209  206  203
  202  203  207  214  226  242  261  280  298
    35.0-180.0 180.0   5.0 450.0                            LAT/LON1/LON2/DLON/H
  306  324  341  353  362  368  371  372  371  365  356  342  328  316  310  309
  308  310  312  317  326  339  352  361  369  379  393  409  424  435  452  469
  480  487  484  476  461  439  415  395  380  363  344  328  313  296  280  265
  256  252  251  251  249  244  243  240  239  238  235  230  224  218  214  210
  208  208  210  215  226  242  262  285  306
    32.5-180.0 180.0   5.0 450.0                            LAT/LON1/LON2/DLON/H
  308  328  346  360  370  379  386  391  394  396  386  372  357  347  340  338
  338  339  340  345  354  369  383  393  401  413  427  450  472  489  512  529
  543  550  544  533  508  476  447  424  404  386  365  347  330  312  295  277
  262  255  254  255  254  251  249  249  249  249  247  243  236  229  223  218
  214  212  212  216  225  240  260  284  308
    30.0-180.0 180.0   5.0 450.0                            LAT/LON1/LON2/DLON/H
  304  326  346  363  376  388  398  409  417  421  416  404  389  380  373  375
  373  375  375  380  387  400  415  425  434  447  464  492  523  549  575  594
  612  618  615  591  555  512  477  449  428  409  383  360  341  323  303  283
  264  256  254  253  253  251  251  253  256  258  257  254  247  240  232  226
  220  216  214  217  225  238  257  279  304
    27.5-180.0 180.0   5.0 450.0                            LAT/LON1/LON2/DLON/H
  298  321  343  361  378  393  408  424  438  446  446  434  423  416  412  414
  413  415  415  418  424  433  447  457  465  480  502  536  575  610  640  662
  684  691  675  649  599  542  501  468  446  422  391  362  338  322  302  282
  264  253  249  249  248  247  248  252  257  262  263  260  255  248  239  232
  226  221  219  220  227  237  252  274  298
    25.0-180.0 180.0   5.0 450.0                            LAT/LON1/LON2/DLON/H
  291  313  337  358  377  396  415  433  452  466  470  463  456  454  452  453
  455  458  456  456  459  465  478  488  497  514  541  581  627  667  703  726
  751  753  731  694  628  561  516  480  451  421  385  354  327  312  295  277
  259  246  239  238  237  236  238  244  251  258  261  259  254  248  242  236
  231  225  223  226  230  236  249  268  291
    22.5-180.0 180.0   5.0 450.0                            LAT/LON1/LON2/DLON/H
  282  306  329  353  374  395  416  436  459  478  487  486  484  485  490  491
  495  499  494  491  492  497  507  518  529  549  578  620  664  720  755  776
  792  786  755  711  643  573  524  482  446  407  371  341  315  301  285  267
  248  234  224  221  221  219  222  230  240  248  249  248  244  241  240  237
  233  229  225  228  232  236  244  261  282
    20.0-180.0 180.0   5.0 450.0                            LAT/LON1/LON2/DLON/H
  271  295  323  347  371  392  410  434  461  483  495  499  503  508  517  524
  530  532  527  523  523  527  537  548  561  583  613  651  689  738  769  783
  791  780  745  696  637  566  511  468  425  388  353  328  304  290  272  250
  234  220  210  203  203  203  208  216  226  233  234  232  230  230  232  231
  231  230  227  229  231  233  238  251  271
    17.5-180.0 180.0   5.0 450.0                            LAT/LON1/LON2/DLON/H
  259  283  313  339  363  384  405  427  453  477  494  503  510  520  533  545
  553  556  554  552  552  557  566  578  592  614  642  673  696  723  746  755
  756  749  707  656  602  533  477  434  398  366  332  311  290  276  255  236
  223  210  200  191  189  192  198  205  214  219  218  216  215  217  219  220
  223  225  226  228  228  228  230  239  259
    15.0-180.0 180.0   5.0 450.0                            LAT/LON1/LON2/DLON/H
  244  270  301  329  353  375  396  418  443  466  485  497  508  521  538  553
  565  571  574  575  577  582  591  603  618  639  664  685  691  696  704  710
  713  704  664  611  560  495  443  404  365  339  308  290  276  262  246  231
  219  208  196  186  185  189  195  202  209  211  207  204  203  204  207  209
  212  215  220  223  221  219  218  226  244
    12.5-180.0 180.0   5.0 450.0                            LAT/LON1/LON2/DLON/H
  228  254  287  320  345  367  387  408  431  453  471  485  498  513  532  551
  569  581  589  593  596  601  610  622  637  657  678  689  682  671  664  665
  665  656  621  573  520  466  420  381  345  317  292  280  271  261  251  238
  224  214  200  190  189  191  199  203  208  206  201  196  194  194  196  198
  201  203  209  212  211  207  205  209  228
    10.0-180.0 180.0   5.0 450.0                            LAT/LON1/LON2/DLON/H
  211  241  275  308  337  360  381  402  422  441  458  474  486  503  524  547
  568  585  598  607  611  615  622  634  651  667  680  683  670  649  634  630
  626  617  585  545  501  458  420  384  347  315  295  285  279  272  265  252
  240  226  212  199  197  196  204  207  209  204  197  191  188  188  188  188
  190  192  195  196  193  187  186  193  211
     7.5-180.0 180.0   5.0 450.0                            LAT/LON1/LON2/DLON/H
  191  224  262  300  332  359  381  401  420  436  452  465  478  494  514  539
  564  586  603  615  621  625  629  640  656  667  674  670  652  629  613  608
  603  592  566  535  503  473  445  407  368  333  314  300  294  290  277  265
  251  237  224  210  205  206  213  213  212  206  197  189  184  183  181  180
  179  180  180  180  175  169  167  173  191
     5.0-180.0 180.0   5.0 450.0                            LAT/LON1/LON2/DLON/H
  174  209  251  293  331  362  387  407  426  439  452  463  475  490  510  534
  561  585  603  616  623  627  630  639  653  660  663  653  633  611  603  602
  599  589  569  546  524  504  481  439  398  362  342  325  315  308  288  272
  257  242  227  213  210  212  217  215  211  205  196  188  184  180  176  171
  169  168  168  165  160  154  152  157  174
     2.5-180.0 180.0   5.0 450.0                            LAT/LON1/LON2/DLON/H
  165  200  244  289  333  369  399  421  438  450  460  470  479  491  510  533
  557  579  600  611  617  620  623  631  644  652  649  639  621  605  606  612
  616  604  588  572  556  541  514  472  425  389  369  356  338  320  295  276
  251  234  222  211  206  208  211  210  204  198  191  185  182  177  172  163
  157  155  155  154  150  145  142  147  165
